??????#??? 7,1 1428
?#####???????#.. 5,1,1,1 87846
#?#???##??#.?#?#?#? 3,3,1,7 32
???.?#?????? 1,5,1 712044
?.????????#??? 1,2,2 2110011734
???#?##?????.#?? 1,8,2 7218
##..#?????## 2,1,3 1
?###??????..??. 8,1 44605
?.???.???? 1,1,1 1548354216
.????.??#?#? 1,5 302632
?#??.#??.?. 2,3 32
??#?##????#???..? 8,1,2,1 162
.#?.?#??#??.?#?#?.? 1,7,5,1 16
??.??#.??? 1,1,2 347609
??###??##?????.#? 10,1 768
???#??###?..#?.?#..# 9,1,1,1 32
#?.?###?#?#.?.#.?.#? 1,8,1,1,1,1 1
..?.???#??##???##.?? 1,10 3888
??##.?????#?? 3,1,2 34076
????#?#????#?????.? 1,1,1,8 17062171
???.?.#??.? 2,1,1 283134
##?##????? 5,1,1 243
.?????.???? 3,1,1 13179916
?#???.#?.????.? 3,2,1,1,1 39366
?#??##?#?..???#?.?? 8,1,1,2 5184
.??.?.#??????#????. 1,1,11 1250
?.??#????. 1,5 15124
?.???#?.???? 1,1,3 1821867
???#???.??.? 4,1 2827104
??.#???????...??.? 1,4,1,1,1,1 5184
?#?.??#.?? 3,3,1 162
??#?#?.????#??#.. 1,1,2,1,5 512
?#?..??##???##???? 2,11 7776
?##?????#?????? 3,1,3,1,1 9089495
.?.?.?##??.??# 1,4,1 5184
??#?..???? 1,3 5047
?#.???#?????#?#??? 2,1,2,4,2,1 243
#?????..#?#?.????. 3,1,1,1,1,1 781926
?#??.???###?. 3,6 5184
??????.#.?????. 1,1,1,4 16200000
.?##?##???? 6,1 12005
??#??#????? 1,1,2 196945
?.?.??#????# 1,1,2,1 372761
.#?????#.? 1,1,2 2362
??.#?.?..#?????? 2,1,1,2,1 8030937
????##.?#.?????.?##? 1,2,2,3,1,2 768
?#.?#??#???...?# 2,1,2,1,1 243
?#????.??.#????? 4,1,3,1 791136
??#???#??#####????? 4,13 942
..#?.?.##??##..? 1,1,6,1 16
.??????.??.?#??#?? 1,1,1,2,4,1 16384
??????#.??#???. 5,4 243
.????.#??.?#???#?#? 1,3,7 2500
?#.???#???.?????? 2,1,1,2,4 60000
??.?.?#??? 1,2,1 1446399
?##?#???#?????? 4,6,2 81
??????#??#? 1,6 148017
?#?#?????####??#?. 12,1 1
?.???#?#?????.#? 10,1 32
#?????..??.#?? 1,1,2,3 27653
???????.#????? 3,2,4,1 768
#?#.?#?#?##????.#.? 3,8,1 32
??#?##??####.?.#.?? 12,1,1,1 32
.?????.#?.??????# 1,1,2,3,1 32551440
.###.##?.?#??.?? 3,2,2,2 512
..???##???##?? 1,2,4 39366
??????#???????##? 4,1,1,1,4 705238
#??.?.??????? 1,1,1,6 32
?????#?#???????## 3,5,1,3 80299
#??????.???? 1,3,1,1 7931584
.?#???.#.?..# 3,1,1,1 243
??#???#?.?. 5,1 512
??#???.#??. 3,2 243
#??.?#.??..##?? 1,2,1,3 32
#.??.#?.#??.#?????? 1,1,2,2,5,1 32
????.#.?#? 2,1,2 14406
?##?????##?????# 3,2,8 243
???#??#????????? 6,4 2056113
???#???.?.#? 4,1,2 44287
?????????#?#????# 4,6,1 1805806
?#????????#?##?? 2,2,7 2169697
.???.?###???? 1,1,7 1250
?##.???.?#?#?????? 2,2,5,4 2592
???..??#??????? 1,1,5,1,2 1
.?#.#?#??#.??.. 2,3,2,1 162
#??#???#????##???.? 4,4,1,2,1,1 32
??##??????? 3,4 25723
??.#.??.#??##???#. 1,1,1,1,6 21764
?????#.?.. 1,1,1 1460235
?.????##.??#? 1,4,1,2 162
?.##??.?????? 1,4,2 253125
????.??#??.? 2,4 60000
.#?###???.????#.???# 6,1,1,1,1,1 222873
.??#???##?????###? 1,1,5,7 81
???#?????????????? 1,2,1,4,1 2286100448305
?.?#?#??.?.#???? 5,3 32
??????#.???#??? 4,1,1,2,2 1250
#?????.????##?.????? 1,4,2,3,5 243
.#??.????.. 2,2,1 256
.??##?##??? 4,3,1 16
???????.?#? 4,1,1 31888
??????##????.??? 12,2 162
??#?#????? 2,1,1 14296
.?????#??#.?.??###?# 3,1,1,1,5 7776
?????#?##?#?? 1,1,5 4896
??#???????#???#?#.?? 16,1 280
????#?#?#??.???##??? 8,6 186624
???#..#?????? 2,6 1
???.?????#?#???. 1,1,5,1,2 81
????.##?.?# 1,3,2 9604
?#???????#????????? 1,1,4,3,1 49820477633
?????#????.???# 1,4 256
?#??????????#??? 1,5,4 3460842
????.?#?.???#??# 2,2,3,2 230496
#?#??##.??? 7,2 32
??????#???#?##? 3,3,5 122361
#?.???????.? 1,6,1 32
?#?#???.??????#? 5,1,4 1871632
#????#.?????? 1,1,1,6 32
.?#???.#??? 4,2 32
????.??.??.?? 2,2,1,1 42048368
??????#?????#? 1,5,1 8636475
.?#?#??#??????# 8,2,1 243
???##?...?.????###? 2,3,1,6 1875
?#???#?#.??????#?? 1,1,1,2,4 532511
?????.?#.???#?#??? 2,1,2,1,4,1 1259712
..??????#.???.. 5,2 32
?.????##?? 1,2,2 2592
??.#?????####.# 1,2,1,4,1 1024
????#????.??.?.???? 6,1,1,1,1 94619411753
?#?.???#???????##. 1,4,1,1,2 100000
??????????#?????.??? 1,9 174926061
..???????..??. 1,4,1 1484286
?..??????#..?? 1,6,2 1
???#??????.?.? 3,1,1,1 2948599427
?#?###??#?? 7,2 81
??.?#?.?#??#??. 1,2,7 5184
??.???????. 4,1 239355
??#??#???#? 1,1,2 32
.??#????## 1,7 1
#???#??.?.# 5,1 1
.??#????????#???? 2,2,3 98706359
?????.??#?. 1,3 299888
??#?##?.??.????????? 1,1,3,1,2,5 24576
?#??.?#???## 2,2,3 5184
.#?.???????#.??? 1,3,2,1,1 529104
#?#.????.? 1,1,3 32
?#??#??#??###?????? 13,1,2 3384
..???####.????.? 1,5,1,1 584647
.?#.????????.??#? 1,1,4,2 6911424
?.???.?.?? 1,1,1 358325631
?#???????.??#??? 3,1,1,3 1724477409
?.??.??.??##?? 1,2,2 293808
##?#??##???? 4,2,1 243
??????#???????? 2,1,5 615678590
???.???#.??#????.#? 1,1,2,1,4,1 4105792
?#?.#...#???? 1,1,2,1 276
??????..??##??? 3,2,5 30000
?#??#??#??? 1,1,3 32
.?.????.?#?. 1,1,2,1 187717
.##.???????..#? 2,7,2 1
?????##.?????. 1,4,5 162
?#????#??.?#.##.?? 2,1,3,1,2,2 2500
???.?..#?.? 2,2 1212
#.??.???????.??? 1,2,2,1,1 3308838004
..?###??????#?????? 7,1,2 131769
???#.??????.?? 4,2,1 2414536
#?????###.#?..??. 4,3,2,2 16
??#??#???? 1,1,4 3994
???#??##????.#??? 4,2,1,1 195720
?.##????????? 4,1,1 1944810
??#???.#????###?? 4,3,5 14406
??#??.????#.??#?# 4,1,2,1,1 1024
????????#.#???### 2,1,3,2,4 768
???????#??#???# 1,4,1,1 4825280
?#????##?# 3,4 32
????????.#?? 1,1,1,2 287044632
?#??#.??#?#.? 1,1,5,1 16
#????.?#??.##?????. 3,2,7 512
?????..?##? 4,4 162
?..#?????????##?.??? 1,7,1,2,3 1
#???.#???...? 4,1,1,1 32
???###??.# 5,1 243
.#?##???#? 1,2,2 32
#??????#?.??.?#.??? 1,2,2,2,2,2 728192
???##?????????#??? 5,2,1,2,2 6575051
???.????###?##??#. 1,1,6,1 720896
.???#?.?..?? 3,1,1 82944
#???#??#??..??###? 2,1,4,4 512
.?.?#.????.? 1,1,1,1 11659270
..???.#?##.? 2,4 162
#?#..?#..?????????.? 1,1,1,3,5,1 1
?.????#.?# 1,4,2 1
??..??.??.????.# 2,2,2,1,1 172527
?#.#?.?#?? 1,1,1 1
???#??#.?.? 4,1 5399
..??##?..????..? 4,4,1 512
?##?.?????#.??# 2,6,1 1
????.?#???... 1,5 2500
??#.?.?.?????##???# 1,1,1,8 7376164
???#.??##???#???#??? 1,1,11 47525
??#?????#?.?.#?? 9,3 32
?#??#??????#??.?? 2,1,2,3,1 46173424
?#?###.???? 5,1 2500
??#..?.??. 1,1,1 236640
.#.??###?????##? 1,4,5 5184
#?#??.???.??? 1,1,3,1 134136
????????.#? 7,2 32
##?#????????#? 2,4,1,2 3125
#???#?.?????####### 2,2,11 32
.?????#?.? 1,3 44445
??.?.#??.??????.?? 1,1,2,4,1,1 40000
?????.##?#. 1,4 6480
??#??.??#??#?.#??#? 4,1,5,1,1 1250
????#??#?..??# 6,2 512
.???????#?#??????#? 2,8,2 15442775
#?.??##??.?#?? 2,3,1 512
?.????????????##? 1,3,1,6 90578385
????##???? 1,3 99821
????.##????? 1,5 5184
?.?..???#. 1,1,4 16
#????#??.?????? 1,1,1,1,6 32
?#.???##??. 1,3 32
?????.?.???? 3,1,1 680376988
???.??..???? 2,1 133352857
??????..???.???? 3,2 496917176
????#.??#????#??? 5,3,3,1 16807
?.???#??.???? 2,1 1734160
??#?#??.?????.? 4,5 32
#.?.??.?????????.? 1,3,1 871134123
?#???????? 1,3,2 34156
?#???#???#???. 1,4,5 1
?.????????.# 6,1 243
??????#?.??#???? 1,1,3,4,1 1920000
??#?????#?.? 1,2,1,2 390963
?.?#?#.??# 1,3,3 1
???????#??? 1,1,2 215337002
???.???##??.??.?#??? 1,1,5,1,3,1 5078125
??##??#?#??#??? 2,2,2,3 1
?##?..#.?.?# 3,1,1,1 32
.#?#?.?.?????.? 3,4 32
.?##?????#???#?.?. 2,1,1,1,2,1 50000
.?#?##???.#??? 7,2 32
?????#..#. 3,1,1 392
.?.?.????#? 1,1,2 1745646
?##.?#???#. 2,6 1
??.??????#?###??. 1,2,2,5 789385
#???????#???????? 1,11,1 57225
???.????#.. 3,4 16
?.?.???#?..#?.? 1,1,1,2,1 902124
???#???????.?#? 4,3,3 655360
???????#?.?# 3,3,1 3125
.?????#?#?#??#.????# 1,1,1,6,2,1 7776
???????.##?#??#?#??? 1,1,11 2917215
?##?????.?????? 7,1,2 7176420
??????????????.? 1,1,2,4,1 2545966451
??.##?????.?#.?? 4,1,1 9604
?..?.??..???? 1,3 737424
?????#????#.?. 1,6 14624
#.??????????????#? 1,12,2 243
.?.???.???? 2,1 9999561
????.?#??.??? 1,1,1,2 59003820
??.????#???????. 1,8 6875401
...#????????#????. 1,10 2019
.??#?..##? 4,3 1
????#?.??.?#?????? 1,3,1,1,1,1 918846192
????#.???.#? 1,1,1,1 10952456
.???.??#???. 1,4 375574
??#?##?????.? 2,7 800
??#????#??.?. 1,3,1 305294
#?????#.??????#?? 1,1,2,1,4 6932923
??????#.?#..???#? 2,3,1,2,1 8816
?.???.??#. 2,1 3184
???#?##??????#.?? 6,1 243
?#???????#???..?? 3,4,1,1 30552330
?##?.#.??? 3,1,2 2500
?#???#?#?#.??..?# 9,2,2 16
????????#?# 1,2,5 4023
????..???###?? 1,7 528262
?#???.#??.?#?? 5,1,2 1250
.????###?? 1,4 19029
?#?..???#?#???#?# 2,1,7,1 1024
?#??.##????# 2,4,1 32
.?#.#?#?.?..#????? 2,1,1,1,2,1 13652
???????.###? 1,2,2,3 256
?.#???????##??#...?? 3,6 1
??#?##?##????#?.???? 4,7,2 9595
?????????.???.?? 1,4,1,1,1 27516731446
.#????.??#?.#?? 5,1,1,1 162
?#?#???.?#??#??###. 1,2,10 1
?????#?.??# 4,1 32
?#?????.????.?#???# 3,2,1,1,5 59049
.???????#?##?? 3,6 59049
?.???#???? 1,1,4 36081
??????????? 1,2,1 40225345056
?##????????#? 6,1,2 122351
?#?.?#???? 3,2,1 20480
?##?###????????? 9,3 308964
?????.??#?##?? 2,8 26244
??#?#?#?????.? 10,1 17476
??.?..?#?#???##? 1,1,1,1,4 20206
.??#????#??#?.?.. 10,1 1250
?????#?#??#??#?##? 3,13 571
.??????#.???????.? 3,1 1420525
?#??.?..?. 3,1 15620
#..?????????? 1,4,2,1 1024
??#??????##.? 4,1,2,1 60000
???##?#.#? 5,2 1
?##??#.???.????#?? 6,1,1,1,2,1 32
#??#????..???? 8,1 89344
.#?##?.???#?#?? 4,5 243
.#????#.?#???. 6,1 1
.#.??#?????#??#?? 1,3,10 81
??????##?#??????#? 1,11,1 408800
???##.?..???#???? 3,3 243
???.?#??##??#?? 1,2,3,1,1 944784
#??.?#????.?# 3,2,3,1 1
?#?.???????#?. 3,1,5 50000
###?#??????.???? 5,1,1,2 14930483
?.#????.?##?? 1,1,4 52488
?????.?#.???????#?# 2,1,2,8,1 243
??.??##???#.???# 1,4,2,2 16384
?#??????#?????? 2,2,2,1 1233890444
?????.???? 1,4 927125
????#..??#? 2,1,1 8304
#???.?#.?# 4,2,1 1
...?...#??##? 1,5 55
.?????##??##???? 2,3,7 4802
.##??#.??? 2,1,3 16
???#????##???? 1,10 21417
?.???#?#???# 1,1,7 32
#..???..???? 1,1,1,2 58662
?#?????#??? 1,1,4 54126
???.?????? 2,1 145555466
..??.?#?????.??? 2,3,2 8453943
????#?#?#???.? 1,7 282054
.??#??#???##? 6,3 3125
.??#?.??.???????? 1,1,2,1,4 12968486
?.?##??..#??.??? 4,2 32
??.???????#?#. 1,1,5 1551400
???????????##???# 1,1,1,9 5898532
#.??.?#????##?#? 1,1,2,4,1 1024
????.???#?.??#??## 1,1,2,1,5 14809149
?.#???#??? 5,1 1016
???#??#????..? 5,1 299592
??.?#??.?#?# 2,1,3 232
?.#???#???.???#.? 1,4,4 243
..##.#???#??? 2,6 1
??#??.??.?#.?#?.?# 2,1,2,1,1,2 16
????#?.#??.#??#. 5,2,2,1 32
????###??#??#?#????? 14,1 1318558
???.???#?? 2,1,4 512
?.????????????.??? 1,1,5,1,3 124505250
??#??#??#???..? 7,1 9829
?#??###..?#?#..?? 7,3 1
#??????.????? 5,2,2 256
.??#?#??????#.?.?? 12,1,1 512
???#??#??#.?#?###??? 1,1,1,1,8 2500
??.#??#?###?#?##. 2,1,10 16
?????#????.#??#?#?# 7,1,8 243
?##?????.???#??#? 2,7 162
??#????#?.? 3,2,1 170212
.?#????????.??# 2,3,1,1 37573326
??#??????? 1,5,1 2394
??#?#???####????#### 4,12 32
..??.?#?#.?#? 1,4,2 2500
?????.???##??..#? 1,1,1,4,2 4084101
?.#?#????#????#??? 5,10 16
????????#????.?? 1,8,1,1 1369400
??##???#.?? 3,1,2 1514
#???????.#? 1,6,1 1
#??#??#???##?.#?#. 9,3,1,1 81
?#??#??.#?#.#?? 6,1,1,1,1 162
?????????.#??#?? 5,2,3 3125
?.???#.#?##?.?? 1,1,1,2,1 87846
??#.??.?#?? 1,1,2 82104
????????????#. 2,2,1 695395183
..????.#??. 1,1,2 12843
?????.?#?#... 1,1,4 60000
.?#??????.?????## 3,1,1,1,2 127445805
..?###??#?..??? 7,1 24576
?#??????????????#??? 7,1,2,2,1 647422559
#?#??#??#?#?##.?.# 6,1,1,2,1 1
???..#??#??.#?????? 5,3,1 7203
??...#????#??##?#?? 1,1,11 8650
????##??###?#?????.? 3,10 34992
???????##???.??????? 11,1,2,2 1250
????#??..#?.?? 4,1,2,1 512
?##????????# 5,3,1 243
???#.###...??##.?#?# 3,3,1,2,1,1 1
?.???#?#??#???.??? 1,10,1 7184509
?????##?.? 1,5,1 768
???#?#?#.???# 4,1,1,1 571
.???#???.??? 1,4,3 3888
?.???.???#??? 1,5,1 2260834
??????###???#???.#? 14,1 768
..???????#??#?##? 2,1,2,6 62208
???#?..??? 4,2 2500
.?.#??????##? 1,3,1,2 512
?#??#??###?#?? 2,6,1,1 162
?????#???? 5,2 26702
??#.?.?.#.??.?????? 3,1,1,1,2,1 449464848
?????#.?#??? 1,3,4 2500
..??.#????#??? 2,2,2 14803
.?#?#.?#?#??#?#?? 2,1,10 32
?#??..??#?. 1,1,4 16
?.??#??#??# 1,1,5 392
?.??#?????????. 7,1,1 1412992
???.???#??? 1,6 116128
???????#.?? 2,3,2 3888
.#?.???????????.? 2,1,3,1,1 9004756250
???????????????#?# 1,1,2,5,3 3258944
.#.??.?????????.??? 1,1,1,7,3 512
..##?.??????????#.? 3,6,1,1,1 3888
#?#??????#..??? 1,2,1,1,2 36486
##???.?#?##??. 3,1,6 2592
..??#?????#?.. 6,2 243
.??????#.?????# 1,3,1,4,1 1
.??#?????#????????? 7,1,1,1,1,1 757025
#??#???.???#?. 1,1,1,3 5357
..??.??????..? 2,3 47525
.???#?.?.????#?????? 4,5 100000
??...????#???#?? 2,1,5 563436
?.??#???.??# 3,1,1,1 27567
#.?#??#?#??#?# 1,1,7,1 1
.???????##?#??#?# 4,1,4,3 1
??????????? 2,1 3190187286
#?.????#???..? 1,2 32
.#..###??###??##? 1,8,2 1
????#?#???.##?? 1,4,1,3 102487
????????.##??? 7,5 32
????.?????????# 1,2,4,1,1 39366
???..#?#??.???? 1,1,4,1,1 1875
??.?#??..???? 1,1,1,3 34988
#?#???#??#??? 7,2,1 243
???????#???????? 3,6,4 15142
??#????##??#? 3,2,3 1875
?###??#?##????????? 15,1 68760
?#???..?#.. 2,1,1 709
?#?????.?? 1,1,1 10804674
#?????#?????#?#???? 1,1,9,1,1 55254
?#??????#?#???????? 13,1 1337697
??##??#?...?#####??? 8,8 162
.??????????#??#????? 1,1,1,2,1,5 4988044630
??#??.?#??##???#? 3,6,1 7776
??###????.???? 8,1,1 155832
.??#.?.#????????? 1,1,1,10 1
????#.?.??#???.? 4,1,6 81
?????.?#???#? 4,2,2 80000
..???.??.#???#??? 1,1,8 16807
.???#???#?#???? 4,4,3 4802
#?.#?..???#? 1,2,1,1 32
??#??????#? 1,4 512
??..?#.#??#? 1,2,1,1 408
???...?#??#?#?? 1,9 1875
#?.???..?.??. 1,1,1,1 635769
??.??.###?? 1,4 2500
?#???.?????????? 4,9 5184
??#???..????.. 1,4 281667
#???..???.??#.???? 1,1,1,1,2,3 1024
?????.?..????? 1,3 276380977
?????##???#???#.?. 7,5 243
????????#?#????####? 1,17 1993
?##?#??##.?#????###? 9,9 32
.?????#??#???##?#??. 7,6 7776
?#?#??.??? 3,2 723
.?..?.??..##.?. 1,1,1,2,1 13122
.??.?????# 1,2,1 460599
???#??????#???... 3,3 59049
.?????????##???.??. 1,5 70690408
?#.?#???.#?.?????? 1,2,2,1,1,1 174614642
????????.??#.##?#??? 1,1,3,3,7 1024
??????#####? 1,1,6 154116
????#?.?.???. 4,1 155592
??#.?????...???? 2,3,3 39366
.???#????. 2,1 109760
.??????#?#????. 4,4 1024
#.???#??????#?? 1,1,2,6 26082
.??#??.??### 2,1,3 243
?.?????..?.??#.??? 2,3 98064
??#??##.#?#??#??# 5,1,1,1,2 16
?#??...?.. 2,1 571
?#????.?##?????? 4,9 162
????????###?#????#?# 1,15,1 32
?????#?.??#????.# 2,3,1,3,1 85938
#????..?#.?#??.# 1,1,2,3,1 7776
?###?###.?????? 3,3,6 16
?..#?#???.???? 1,6,1 40000
?.?..??##??###?#? 1,10 5741
.???..?#.#?###?#??# 1,1,1,1,8 1
.??????.????. 3,1 35635519
?#.???...#?##?#..? 1,1,6 1875
?????#????.???????#? 1,6,2,4 302118522
??????????#????? 1,4,3,1,1 31413687
???##?.????#?. 3,2 1024
????..?..??. 1,1,1,1 2402774
?#???????. 1,4,1 5459
.???#??##????..??. 1,2,6,1 2303104
.??????.?. 2,1,1 2804406
?.#?.??.??# 1,2,1 1708
?###?#?##??? 8,2 16
??#????.#??? 1,5,1,1 512
##.?????.??#? 2,1,1,2 1940057
??#?.?????#? 3,1,2 604480
???.?.?##? 2,1,3 5184
#???????????.?. 1,1,1,4,1 691590
????.??##?.???#. 3,4,1,1 307328
??.???##?? 1,1,5 512
?.??#??..#? 3,2 243
.?..#.##????? 1,1,6 16
???.????????#??.? 1,6,1,1,1 1395382
???#??.?#?#? 1,2,1,3 16
?#???.?.?? 3,1,1 264650
?.?.???##???#??#?? 1,1,10 787328
?#???#?##?##. 1,7 1
??#??????#.????.?#? 9,1,2 96328
???##????##????.??#? 6,6,3 1563852
??#???????#???.??.# 3,1,5,1,1 240754243
.????????#?? 2,5 433104
.#?..#.##?#??##??. 1,1,2,1,3,1 81
?##..?.#????? 2,5 1
.?.#.##???.? 1,5 1
?.????????###?##. 6,6 32
?????##?#. 1,1,4 6258
.??.????#.. 1,1 78940
????...?##??#?##?.? 1,1,10 30000
.???.##???????##?.?? 1,11,1 87846
.??#????#.????.??. 7,3,1 5184
.??.??#?###???##??? 2,11 2403
???#???#?#??#?? 8,3 243
??#?#???#???#?????. 2,2,1,2,3 8451
?#?#?.?#??#??? 4,1,1,1 2500
.?##?####?##.???? 3,4,2,2 768
???#??.?.??## 5,1,4 162
.??.??#??? 2,1,1 60141
?????##..??? 1,4,2 5184
??????..#?#?.? 1,4 24576
???.?#???##..? 1,1,7,1 1
??.??????.??? 1,3,1,1 498659408
????.??.???? 4,1,2,1 32
????.?????? 1,1,4 13727800
???????...??????? 1,3 16348055823
??#??##?##?###??.. 5,7 1
??##..#?... 2,2 1
?????.??..? 5,2,1 1
?#????????#???#????. 4,12 32805
???##?????..?????# 9,2,1 74984
??#?.??#???.# 1,2,5,1 32
????..??#? 3,1 11746
#?.#?#???#??? 1,1,1,3 243
.#????#?#.???## 4,1,1,1,2 32
?????.???#?. 3,1 65641
?##?.???.?? 4,1,1 102487
?#?#????????#?.??? 4,1,2,1,2 25023643
?????.???#??#??## 4,1,2,5 7776
?.?#???..?.##... 4,2 32
.?????#.?#????#???? 6,4,4 243
???##?###????#?. 8,3 3125
?#??????.?????#??.. 3,2,8 32805
?????##????# 9,1 32
??????#..#??? 3,2,2,1 162
..???.??#?.?????? 1,1,3,6 512
???#???##.#? 5,2,2 32
???.??.??????????? 2,1,1,2,1,1 14310967362557
.????????#??.???#? 2,1,4,5 1600000
?????.??.? 3,1 1753506
??.???????. 1,1,2 519212864
?##?#??#??#?? 4,1,1 1
.??????#??? 1,5 1327370
?????...?#?# 1,2,4 768
?????.#??. 5,2 16
#.??#???##???#??##?? 1,16 243
??#??#?.?#.?#?? 5,1,3 1024
???#??.?.#?? 4,1 243
????#????#?????# 1,3,2,1,1 78945123
.#???????.?? 1,1,1,1 1173628544
#???.?????##?##?#? 1,1,12 1024
????.???##?.? 3,5 16384
?????#????#???# 4,4,2 19683
????#.??????? 2,1,1,1 6587439902
?#??????#. 2,1,2 3125
????????## 2,3 72201
??????.?????#?# 4,2,1,1 1210449
????.??#?? 4,2 1250
???#?#?.#.?.??? 6,1,1,2 5184
#..????..?#?.????# 1,2,1,2,1,1 7776
???????#?#????.? 1,1,5,1,1 713181049
#..????#??##???..#?# 1,8,1,1,1 3387
.?.??.??..??? 1,1,2 112915546
?.???#.??.. 1,3,1 512
.?##..?##?. 3,3 32
.#??#??#????##?#?? 1,1,1,6,1 252
?.?#?.???#?#??..??# 1,3,6,1 7203
???????????? 4,1,3 3268760
..???#??????#???. 5,7 243
???????#?##? 1,1,1,5 12404
?????#???#??. 1,4,5 16
.??#???#??? 2,2 1024
?##..?????#? 3,1,2 16807
??.??...#?????#??.? 2,3,4 28114
#?#???#?.? 5,1,1 1
.????????? 3,2 1373408
???????????#???. 2,5,2,1 13514940
????.??.?.?????? 2,1,1,1,3 3391032875
.?????#??.?? 1,4 413331
??????##?#????#.?? 2,7,1,1,1 687740
??#.?#?#?????#?#?# 2,3,2,1,3 32
???????#??.?????.#? 2,5,2,1,2 4216608
.????.?#??#?????? 3,5,5 2592
??#.???.???#??? 1,1,1,1,6 162
???#???????## 1,1,1,6 512
#?#.?????. 3,1,2 243
?.????.?.????. 1,1,1,4 835210
#..?????????? 1,6,1,1 1
??.?.?..?????..??.?? 2,1 5659856796
.????##???#?. 1,7 15665
??#??#?.?#?#???? 4,3 1
???.###???.??#??#? 5,6 162
#.???.#?#????? 1,1,8 528
??.??????.#?##??##? 3,9 1024
???????????#????? 2,3,2,1 776441075482
?##.?????##??#?.#?#. 3,1,6,1,1,1 1
#?.#?????#.#???????? 2,1,4,1,4,1 768
??????...?# 1,2,1 90803
#??????##??????.#.#. 1,8,1,1,1 368800
?????.????#? 5,5 162
..??#.??.?????. 2,1 141511
??????#??.???? 5,2 1918259
??##?#?..?????##??? 7,1,1,2 30000
#.??#?#???????##??? 1,4,7,1 83460
?#??#??.????. 1,2,2 105942
.#???.?#?#???????? 1,1,1,7 598032
??????.??#? 3,1,2 312352
#??.?.?#.?#?#??????? 1,2,4,4 216965
???##??#?.??#?????? 1,6,1,1,1,1 44208204
.#???##????.???? 9,3 162
.?????????#?#??? 2,2,6 11311570
??#???##??????????? 4,8,3 236702
?.?#????.????????# 1,3,1,1,2,4 243
???????..?#??..? 1,3 3331460
.??.??##?????##.?. 2,3,4,1 512
.????..?????? 3,4 24576
?????#???.???. 2,3,1,1 41462898
?#?????#??? 3,4 66927
?#?#..????????.?.??# 1,1,1,5,1,1 185910
?.?????#.???#? 3,1,2,1 137728
??.?#?#???????#?#? 3,8 1250
???#???#?.#???.#??. 1,1,3,1,2,3 9604
??????##??????#. 1,8,1,1 144616
???#??#?????????. 8,1,1,1 101647851
??.????????? 4,3 188568
????????.?. 2,1 125453270
??????..?..#?. 4,2 768
????..??.????????.?? 1,2,1,1,6,1 16384
.????.???.???? 2,1,3,3 162
??#??#???????.???#. 1,8,1,3 4802
##???????#. 2,3,1 243
?#?.??#??????.#??? 2,6,3 7776
.??##??.##? 4,2 243
?##???.??#? 4,1 162
?#?#?..?#?#?? 4,3 32
.????#??????..## 6,1,1,2 1024
?##???????????? 5,1,1,1 12959472807
????.#.???? 2,1,1 13067448
???..??#???#?????.? 2,9,1 2333772
?????#?????..?. 1,2,2 166204302
???.#.???#????? 1,1,1,6 5266117
.?..?.##??.??????## 1,2,1,7 2592
#..?#????#?? 1,2,4,1 1
##??.??#.?????? 4,1,1,1,1 9041436
?###??.?#?##?#????# 5,7,3 5184
..#.?##?.. 1,3 32
?#.#?.??????#??###? 2,1,2,3,3 8685
?????.??.????#???. 4,5 165888
???????#??##??.??#. 3,6,1,2 6403
.?.#?????????##?#.? 1,2,6,1 1403332
???#?????????##???.. 6,2,7 40000
?#?##???????.????#?# 4,1,3,3,1,1 243
.#?????.?????#?##?## 2,1,1,1,4,2 703933
?.?..#????#? 1,6 512
.#?.?.???????? 1,1,5,1 23247
??#????????#? 6,5 1746
???.?#??#? 3,2,2 768
??###?#?.?#..? 3,2,1 1
??#??.?#?. 2,2 1024
?.???.???? 1,1,2 34326853
..??#??????#????? 2,9 17821
??.???.????##???.?? 2,3 1422845
?#?????.?? 1,1,1 10804674
??#.?#?????#?????. 3,5,1,1,1 7776
????????#???????? 1,2,8,1 23179647
?#????#.?#. 6,1 1
???#???#???#?#?## 4,2,7 20480
???.##.????. 2,1 16384
?????#??.??#? 1,5,2 39366
#????????#?.#???? 1,7,1,3 162
??.#???#.???. 1,5,3 162
.#??#??#???##?#??? 2,2,1,8 162
????#..??.????.?? 1,2,2,3,1 165888
#?????.#???#?.#????? 4,1,3,3,1 16384
?????????### 1,1,1,4 1220000
?.??..###???# 1,1,4,1 32
?????#?????#?? 1,2,5 16232928
???#??????? 4,2 2442310
.???.???#?#?#?? 2,9 5184
?#.?#.??#??#?..?? 2,1,4,2 89
??????##??..?##?##?? 7,6 7776
###?##...#???.. 6,2,1 1
????.?#.?#????? 1,1,1,6 39366
???.?.??#?? 3,3 3888
???..#.??#??#???..#? 1,1,1,9,1 81
???##??.#?.???##..?? 1,2,2,5,1 5184
??????#?.??# 1,5,1,1 243
#???.????.? 4,2 19683
.?????????.???#?? 3,1,1,2,2 45295450
??#???.??? 3,1 702840
.?#?????#?#????.???? 10,2,1 4782176
??##???#?##???.. 3,8 243
??..?????? 1,1,1 500386280
????..???#??#?? 1,1,5 43671642
#???#.?????#?? 2,1,2,3 59607
#?##????#??.??.? 11,1 11219
?#??.?.?#?#??? 2,6 1024
??..?##?#???.? 1,6,1 60000
?.???????#.?#? 1,8,2 162
#????#??????##..??. 10,2,1 512
??.?.#..??????? 2,1,1,1,1 1076044341
?#?????##?#??#.?## 4,7,3 162
??#?????#.??#? 5,2,4 162
??????##?##??#..#?? 2,1,3,5,3 1
.?????#?#???#?###??? 2,1,1,9 211517
????#?#???###.????? 12,1,1 60000
?.?.?????..?#?????. 2,4 285833
?#???..??#.??#??# 5,1,1,4,1 1
???.##?????#?.??#? 2,2,1,1,3 2222904
?#????#?????#??? 12,1 532
?#???.#??.. 3,3 162
?.#??#???????????? 1,9,1 8469241
.?.??.??##????.? 2,6 3888
?#?#??#???????.? 1,6,2,1 364768
.#.????#???? 1,1,4 272606
???.#.?.???#?#?## 1,1,9 71972
#?.?##??#??#?????. 2,6,4,1 16384
?.#.???###??#?.#???? 1,1,1,4,1,4 3888
.??###???.??#????? 8,1,1,2 9604
??.??#????#?..?.? 2,1,7,1 2592
???????##.?#?#?#?? 2,4,6 39366
.?..????#?????# 1,11 16
.??????.??? 1,3,1 8048889
#???#?????##??? 12,1 32
??#?##?????.?# 1,4,3,1 32
?????.??#?#????#???. 2,13 2500
.#?????#??? 1,1,5 11238
??#?.???#????#??. 1,9 243
..???#?..?##???. 4,4 1024
#??#.?#?????. 4,3,3 1
#???#?#?#???.?????? 2,7,5 9604
?#??#???#.???#???? 5,2,3 7776
??????????????? 1,1,7 3247943160
?.???.???.. 2,1 1831776
???#???.??.?????..?? 2,4,2,1,2,1 124416
#.???#.??? 1,3,1 243
##????????.??? 8,1 375538
??.#???.??? 1,3,1 60000
???###?.??#? 6,1,1 162
.?????..#.?##??#??? 5,1,2,3,1 81
?#???????...#.???.#? 4,1,1,1,1 311403409
??#.?.#??.?##?#?#?## 1,1,1,1,1,9 1
#.?#..?#???? 1,1,1,1 873
??????????#?????? 1,3,6 5307206238
.?#?#?..?...?#??.??? 5,1,4,1 768
.#?#???.?.##? 6,1,3 1
..?#.#??.#?## 2,2,1,2 1
??#??.???.?#??##??? 5,1,6 1324519
????????#????.?? 1,1,6,1 5063770710
?????##?????????#?. 8,2,1,2 13030452
??.##???## 1,3,3 162
????#?#??????. 5,1,1,3 1
...????.??.??#.? 1,2 131478
#??.??.?#??????. 2,1,3,1,1 1280000
?.#?##????.# 8,1 1
?#?..?.#???. 3,1,3 16
??##?????? 2,3 16839
?#??????.?##? 1,2,1,4 3888
#?#?#??.?????# 7,1,1 32047
????????.??#?? 3,1,4 32958544
.???????.??????????? 7,2,1,4 1600000
???#???????.? 1,8 74928
#????????#??.#.?.??# 1,5,1,1,3 3037464
.?..??.??.#####?? 1,1,1,7 1024
#?.???.?????.????### 2,2,1,7 42166189
..#.??.?#??? 1,2 32
??.##??????.?.? 7,1 1250
.??#.?????.?# 3,4,1 32
??????#??????#??.??? 3,3,1,2,3 142067615
?.???.###?.? 1,4 5184
??...##?#?.? 1,4 512
?.???.#?.. 1,1 23654
#.?###?..?? 1,5,1 32
?.?#?##?#.?..#??#? 6,1,4 81
###.?????#? 3,1,3 3125
???#?????##????? 5,5 384160
.??#??#????#.#???#? 4,1,4,3,1 1
??#????..??#?? 3,1,1,3 145780
???##???##....?## 9,2 1
??.?##????.?#.?#?? 1,2,1,2,1,1 39366
?####?##?????. 7,1 2500
#??..??????????#?#? 3,14 1
#?#????..#?#? 3,2,4 32
???.??#???? 1,3,1 33081497
.?#??.?#???????.?? 3,5,1 4636208
???..####.?.??? 4,1 16384
.?.??###?#?#??####?? 1,14 3363
??????.???..???? 6,1,1,1,1 768
??????.?????????? 5,2,2,1 2499088576
??.#?#????# 1,1,6 32
???#?.???????.? 2,5,1,1 260642
#????#???? 3,3 8192
????.???#???.?.? 3,1,5,1,1 162
???#?#???? 1,1,3 37283
????##??????#?? 2,4,1,2,1 8691
.?#?###.??#?#?#?. 6,7 32
?#.????#???? 1,2,2,1 262248
.??.?.????. 2,1,2 1024
.??..?.?.?###?.??. 1,1,4,1 125000000
.???.?##.?? 3,3,2 16
????????#????? 1,1,2,6 23751
..?.?###.? 1,3 81
#??#?#.????? 6,1,1 15289
??????##?#??#????.?. 9,5 768
..???.#?###. 1,5 768
??.???#??#?#####? 1,11 40727
???.??.##?. 1,1,3 102487
.???#..?????? 2,5 162
????#.????##????? 1,1,1,5,1 1751148481
???.?????##??## 1,5,2 59049
??????#????#???? 1,7,1,2 314237
??..?.?#???? 1,1,2,1 2652500
????.#?#?????? 1,7,1 77641
?#.????#?#????. 1,5,1,1 833209
????#.#????##???.?.# 3,10,1,1 16
.?###.#..#??.?? 4,1,3,1 162
.?.??????#?????##??. 1,13,1 8056
?#??#???????##.#.?? 8,1,3,1,1 512
?????.????###??? 2,1,4,1 1076065080
??#??#?#????.????? 7,1,1,1 3279645341
.?????.?.???.????? 2,1,1,1,2,1 67447440921
??.???.?#? 1,1,3 141008
.????#???????#? 1,3,3,1 9960861
?##??.?????????#.? 4,2,4,1 2722734
?.???##??? 1,4 99576
????#?.???#?????? 5,4,4 39366
??????#?????.???.##? 5,1,2 16978156
??##??..?.?#? 4,2 7776
??#??##??????????. 1,7,5 322816
??#??.?#..?.##??? 4,2,1,2,1 5184
.??.##?.????????. 1,3,1,1,2 18470420
##?.?.?.#???#?.# 3,1,5,1 32
?##????###???#?????? 2,8 32
.??###??.? 5,1 15124
?.????#????? 1,8 17476
#..#??.????.#?? 1,3,1,1,1 16807
#?????.?#?.#???? 3,2,3,4 81
???????.#????? 2,4 123566
????##?????????#?.?? 2,2,2,3,2 1294555182
?#??.????#????#??? 2,1,10 312352
?.??.##?.?##? 2,3,2 125
#??????##??#. 1,1,5 2344
?????????? 1,2,1 3247943160
.?????.??.?. 4,1,1 40000
??????#?#.#?? 1,4,1,1 136008
????????#?##?. 4,7 1875
?????.????.?.#??? 1,1,2,1,4 54974349
??#????##. 3,2 243
#.?#?????# 1,4,1 32
.????##?????#??#?. 11,2 243
???#???#????#? 5,6 392
.?.?????????? 1,1,5 42445352
??#?.??.??????? 1,1,5,1 228971
?##????#????#????.?? 2,9,1,1 4645769
??????????#??.??? 11,1,1 101300
????#???.???.#??. 1,3 1
##??.????##? 3,1,2 7203
????????#???#???.? 5,9 30000
??#?????###??#. 2,8,1 153
?#????#?#?#????.?? 5,1,1,1,2,1 5184
????.??##.?#??#???. 2,4,6 24576
????#????????#???? 1,12,1 727400
?.#???????#??. 1,3 243
#??.???##??.?#???? 3,2,2,1,3,1 768
.#?.?.#????.# 1,3,1 1
??.?????.??. 1,1,2,2 409344
.#?#?????????#?? 1,1,1,7 125160
.?#..?#?#?.? 2,3,1 16
??????#??#??#??#?. 11,2 14499
#??#?????. 1,3,1 4172
.?#???.#???.#? 4,1,1,1 5184
.??#?#?#######?? 2,11 1
?..?????###.??.??? 1,2,5,2,1,1 1
.???#??#????????#? 7,1,1 7002036
..??#????#????? 2,7 17821
#.##?????.????##??? 1,7,1,3 3125
?#?#?.??..#??? 3,3 1
???????????#?#??. 2,5,4 698049
?.??????##.??#. 1,1,2,1,1 7780091
..??.?##?????? 1,8 2500
?#.?.??#???? 1,5 243
??#.??####??? 2,6 243
?#?#?????.??.#.#.# 6,1,2,1,1,1 243
??.##??#?#?????????? 2,9,4,1 768
??#??.???#?#?? 3,1,4 368375
????#???##?? 7,2 81
.???##?#??..#?.?#?# 4,3,1,2,1 1
???#?#??.?# 5,1,1 1
??#?#?????????? 3,1,1,1,3 1424169
?#?#.??#??#.?#?????? 1,1,1,2,4,1 59085
?..???.???? 2,2 1286694
??#?#.#????.#????? 5,1,3,4 16
?##???#.?##?.?#? 3,3,3,1 32
#????????.# 6,1,1 32
???###.#????#????#?? 6,2,2,5 243
???????.???????#?# 1,1,2,10 2500
?#???##???#?##???? 1,4,10 81
???##???.#???#???.? 6,1,1,5 2592
?#?##?..??#?. 6,2 512
?#???#?.???#??#?? 2,1,8 2500
#..?#?#?..?.?.?.#?? 1,4,1,1,3 7776
.?????.?#.???#?? 1,3,1,1,3 11691
#?#?.?.#?#??? 3,5 1
.????????#?##????#?? 2,6,4 108790252
?..#???#????? 1,1,5,1 768
???.?.?#?.???#? 3,1,2,1 977248
#??.??????###?.?? 1,1,10,1 32
.??.##???? 1,5 162
.?.??.#.??#.? 1,1,1,3 8192
.????#???#??.## 2,3,3,2 1024
?.??????.?##?. 5,4 32
?##??????.? 3,4 243
?#?##???#.#? 4,1,1,2 1
??#?#?#????#??#??? 5,7,3 1
?#.#????#??#?.?? 2,10,1 32
#?#????????.??#?? 1,1,2,3,4 7776
.#??#??????.#. 4,4,1 32
?????.#?## 1,1,4 14991
?#..??#?##. 2,5 1
?##?..???#?.? 4,1,1 1875
##?.#??#?.? 3,4 16
#?????#?.?????#? 2,1,3,6 1250
..????##?. 2,2 32
?#??.????##??#.??? 2,1,1,6,1,1 32
#???#??#?#.?? 3,2,3,1 512
??.?...?.??## 1,1,1,3 2174
.??.#??????? 1,1 735372
.??.##????#???##?. 2,6 1
????###??###??##? 11,3 243
?#???????#?????? 2,5,2 45280701
??????#.?#??.?# 1,3,2,1,1 1875
??##?#????##???.? 1,13 1924
.?#??.?????? 3,2,1 1920000
.?#???.?#??? 5,2 32
??????#?.? 3,2 84549
?????#??????.? 1,2,2,1 7648563431
.??#?????.?.?? 5,1,1 7371120
.??????#.##?#?# 1,1,6 3125
???#??#.##. 2,1,2 32
####?#?????#???? 8,5 12312
????????????#???? 1,10 76225814
???.??..?#???.??##?? 3,1,4,4 5483712
????.???.????.? 1,2,1,2 7343377370
?.?.?????.???# 1,3,4 354375
??#?#?..?#??#??#. 5,7 32
???.???##?..##?##?.? 5,5 32
?#??..?###??? 3,4 5184
?????##.?# 2,3,2 162
?????#??#?.?# 1,1,5,1 1024
#??????###???#?? 10,1 1
?#?????????????#???. 10,2 5184
.???#??.??? 4,1 391210
..?.?###?##?#?????.. 1,11 4802
?.???????#?##? 1,11 162
###????#?#?.. 3,6 32
??####.??#???????# 6,4,4 243
????.?##????#?? 2,8 45988
?.?#???###?#???. 1,2,1,3,4 16
??#?.????.??#? 4,1,1,4 243
?????..?#?? 3,3 14406
?????..??? 3,1 2717148
??#????#.?.#???#?.?? 4,1,1,1,2,1 79579642
????###??.???##?.?.? 7,1,4,1 285610
?..?.??..?.?.???## 1,2 32768
#?#???????????? 1,6,1,1,1 1024
?..#???#?.? 2,3 1
.???##?.?#?? 4,3 1024
????##.#??###?? 2,7 1
??.??????????#???. 2,2,7 28693536
???.??.????#????#? 2,10 142056
?#?#??#???????#. 8,1,2 32805
?.#?????#??.?? 1,5 243
.##???.???#??## 2,1,2,1,2 32
#???##?#???#?????.?? 17,1 162
